0 0 0.012419376504194
3 0 0.000097076222535
6 0 0.000059539866873
10 0 -0.000113420376150
13 0 -0.000215755514181
17 0 0.000042444956365
19 0 0.001189145930022
23 0 -0.013942868586723
1 1 0.069967245571825
7 1 0.015684750771706
8 1 -0.039255235975577
11 1 0.038765582198427
12 1 0.006685613802738
14 1 0.007687422612506
18 1 0.053626298784448
20 1 0.001426072725601
21 1 -0.041692027216907
2 2 0.600423808595939
5 2 0.020539383039752
22 2 0.215458249292867
0 3 0.000097076222535
3 3 0.421288860281444
6 3 0.064437237077353
10 3 0.004027722456316
13 3 0.007661791990481
17 3 -0.169938244001654
19 3 -0.027656289589282
23 3 0.000001370542294
4 4 0.107816040610854
7 4 0.022782277293175
11 4 -0.009217824706625
15 4 0.012152771936106
16 4 -0.118152255875261
2 5 0.020539383039752
5 5 0.384733699510298
22 5 0.007555119287283
0 6 0.000059539866873
3 6 0.064437237077353
6 6 0.355749127860884
10 6 0.002470327466281
13 6 0.004699215350685
17 6 -0.104228411039239
19 6 -0.016962462664401
23 6 0.000000840596220
1 7 0.015684750771706
4 7 0.022782277293175
7 7 0.166685186977275
11 7 0.161428114826678
15 7 0.013827344743384
16 7 0.007553897912998
18 7 0.077808933376168
21 7 -0.069508039732382
1 8 -0.039255235975577
8 8 0.187358842462538
12 8 0.036434838467784
14 8 0.041894433238953
20 8 0.007771721630005
21 8 -0.008858091742078
9 9 0.177827941003892
0 10 -0.000113420376150
3 10 0.004027722456316
6 10 0.002470327466281
10 10 0.128165236718147
13 10 -0.035410057329347
17 10 0.009115094078056
19 10 0.002542480043555
23 10 -0.000001601292454
1 11 0.038765582198427
4 11 -0.009217824706625
7 11 0.161428114826678
11 11 0.500347557561238
15 11 -0.005594613671073
16 11 -0.003056345330088
18 11 0.192308353920860
21 11 -0.171792313879659
1 12 0.006685613802738
8 12 0.036434838467784
12 12 0.079680501357601
14 12 -0.023364283063191
20 12 0.002916757592585
21 12 0.001508633917106
24 12 -0.000210161643250
0 13 -0.000215755514181
3 13 0.007661791990481
6 13 0.004699215350685
10 13 -0.035410057329347
13 13 0.079420644544784
17 13 0.017339316588265
19 13 0.004836468610969
23 13 -0.000003046081211
1 14 0.007687422612506
8 14 0.041894433238953
12 14 -0.023364283063191
14 14 0.073134685423887
20 14 0.003353820447010
21 14 0.001734695845519
24 14 -0.000241653409286
4 15 0.012152771936106
7 15 0.013827344743384
11 15 -0.005594613671073
15 15 0.053791822049243
16 15 0.004029482978543
4 16 -0.118152255875261
7 16 0.007553897912998
11 16 -0.003056345330088
15 16 0.004029482978543
16 16 0.424983252778484
0 17 0.000042444956365
3 17 -0.169938244001654
6 17 -0.104228411039239
10 17 0.009115094078056
13 17 0.017339316588265
17 17 0.158006973760588
19 17 0.018394990234164
23 17 0.000000599246719
1 18 0.053626298784448
7 18 0.077808933376168
11 18 0.192308353920860
18 18 0.297652193967790
21 18 -0.237648590077311
0 19 0.001189145930022
3 19 -0.027656289589282
6 19 -0.016962462664401
10 19 0.002542480043555
13 19 0.004836468610969
17 19 0.018394990234164
19 19 0.029564782382638
23 19 0.000016788609495
1 20 0.001426072725601
8 20 0.007771721630005
12 20 0.002916757592585
14 20 0.003353820447010
20 20 0.021684020369696
21 20 0.000321798677815
24 20 0.002287927822532
1 21 -0.041692027216907
7 21 -0.069508039732382
8 21 -0.008858091742078
11 21 -0.171792313879659
12 21 0.001508633917106
14 21 0.001734695845519
18 21 -0.237648590077311
20 21 0.000321798677815
21 21 0.245320336715382
2 22 0.215458249292867
5 22 0.007555119287283
22 22 0.093931238583674
0 23 -0.013942868586723
3 23 0.000001370542294
6 23 0.000000840596220
10 23 -0.000001601292454
13 23 -0.000003046081211
17 23 0.000000599246719
19 23 0.000016788609495
23 23 0.999803151682200
12 24 -0.000210161643250
14 24 -0.000241653409286
20 24 0.002287927822532
24 24 0.010482484581133
